<TICKER>;<PER>;<DATE>;<TIME>;<OPEN>;<HIGH>;<LOW>;<CLOSE>;<VOL>
LKOH;D;230202;000000;3955.5;3960;3900.5;3918.5;567575
LKOH;D;230203;000000;3917.5;3920;3880;3907.5;550188
LKOH;D;230206;000000;3910;3946.5;3902;3941;411987
LKOH;D;230207;000000;3951;3977;3931;3968;388976
LKOH;D;230208;000000;3978;3998.5;3903;3930.5;532879
LKOH;D;230209;000000;3949;3960;3907.5;3914;294748
LKOH;D;230210;000000;3915;3969.5;3903.5;3921.5;314135
LKOH;D;230213;000000;3940;3948;3911;3928.5;280972
LKOH;D;230214;000000;3930;3937;3905;3914.5;287305
LKOH;D;230215;000000;3903;3906;3800;3829;699575
LKOH;D;230216;000000;3840;3873.5;3811.5;3830;340246
LKOH;D;230217;000000;3829;3860;3802.5;3840;249831
LKOH;D;230220;000000;3846;3927.5;3804;3905;450825
LKOH;D;230221;000000;3912;3950;3901.5;3914.5;373178
LKOH;D;230222;000000;3915.5;3925;3873;3909.5;195478
LKOH;D;230224;000000;3916;3925;3880;3901;123577
LKOH;D;230227;000000;3884.5;3920;3881.5;3903;316428
LKOH;D;230228;000000;3905.5;4021;3903;3990;1173447
LKOH;D;230301;000000;4012;4060;3978;4056;826499
LKOH;D;230302;000000;4056.5;4078;3966;4004;1011664
LKOH;D;230303;000000;4003;4048;4001.5;4030.5;466591
LKOH;D;230306;000000;4048;4129;4045.5;4111.5;764914
LKOH;D;230307;000000;4115.5;4138;4090;4125;445473
LKOH;D;230309;000000;4124.5;4136;4099;4105;368232
LKOH;D;230310;000000;4088;4111;4035;4085;409316
LKOH;D;230313;000000;4092.5;4120;4039;4066;457920
LKOH;D;230314;000000;4059.5;4095;4044;4063;362937
LKOH;D;230315;000000;4077;4079;4009;4022;539062
LKOH;D;230316;000000;4013;4092;4011;4084;627095
LKOH;D;230317;000000;4094.5;4140;4073;4111.5;921050
LKOH;D;230320;000000;4126;4247.5;4090.5;4228.5;960037
LKOH;D;230321;000000;4230.5;4287.5;4167.5;4216.5;885563
LKOH;D;230322;000000;4215;4254;4184;4192.5;419319
LKOH;D;230323;000000;4198;4215;4159;4177.5;373050
LKOH;D;230324;000000;4179;4221;4158;4206.5;242163
LKOH;D;230327;000000;4230;4343.5;4217;4322;586095
LKOH;D;230328;000000;4332;4350.5;4271;4320;490009
LKOH;D;230329;000000;4325;4360;4294;4342;421081
LKOH;D;230330;000000;4349.5;4388.5;4320;4382.5;440052
LKOH;D;230331;000000;4380;4389;4280.5;4352.5;674414
LKOH;D;230403;000000;4491;4508.5;4422;4473.5;1115827
LKOH;D;230404;000000;4490;4575.5;4476.5;4510.5;916823
LKOH;D;230405;000000;4506;4545;4460;4540;557591
LKOH;D;230406;000000;4543;4623.5;4475.5;4585;936992
LKOH;D;230407;000000;4610.5;4638.5;4520;4637;640089
LKOH;D;230410;000000;4636;4661;4620;4650.5;601426
LKOH;D;230411;000000;4651;4689;4575;4620;897988
LKOH;D;230412;000000;4666.5;4728.5;4630;4670;934788
LKOH;D;230413;000000;4686;4686;4590;4612.5;902928
LKOH;D;230414;000000;4612.5;4629;4553.5;4618;955355
LKOH;D;230417;000000;4660;4670;4629.5;4640;661039
LKOH;D;230418;000000;4649;4658;4583.5;4599.5;885244
LKOH;D;230419;000000;4600;4609.5;4528;4539.5;1232304
LKOH;D;230420;000000;4540;4794.5;4462;4746;3660077
LKOH;D;230421;000000;4759.5;4776.5;4711;4729.5;852949
LKOH;D;230424;000000;4728;4750;4692.5;4710.5;529665
LKOH;D;230425;000000;4713;4720;4678;4689;391428
LKOH;D;230426;000000;4695;4706;4627.5;4659;646371
LKOH;D;230427;000000;4661;4710.5;4655;4700;510329
LKOH;D;230428;000000;4708.5;4710;4641.5;4674.5;540156
LKOH;D;230502;000000;4680;4705;4552;4581;856170
LKOH;D;230503;000000;4580.5;4638;4491;4508.5;1106871
LKOH;D;230504;000000;4522;4564.5;4512.5;4547.5;490588
LKOH;D;230505;000000;4547.5;4557.5;4501.5;4509;433125
LKOH;D;230508;000000;4525;4599.5;4517.5;4564.5;362489
LKOH;D;230510;000000;4560;4716;4559;4716;1002893
LKOH;D;230511;000000;4725;4849.5;4681;4788.5;2367149
LKOH;D;230512;000000;4800.5;4842.5;4751;4819;971091
LKOH;D;230515;000000;4840;5055;4838;5045.5;1869815
LKOH;D;230516;000000;5065;5120;5020.5;5086;1482216
LKOH;D;230517;000000;5094.5;5120;5060.5;5097;690693
LKOH;D;230518;000000;5111;5120;5070;5075;663024
LKOH;D;230519;000000;5070;5078.5;5013;5078.5;668952
LKOH;D;230522;000000;5110.5;5116;5057;5090;465301
LKOH;D;230523;000000;5094;5174;5065;5173;929688
LKOH;D;230524;000000;5183;5215;5142;5192;951502
LKOH;D;230525;000000;5197;5209;5160.5;5203.5;858188
LKOH;D;230526;000000;5206;5298.5;5203;5296.5;977901
LKOH;D;230529;000000;5341.5;5547.5;5332;5538.5;2208293
LKOH;D;230530;000000;5515;5698.5;5461.5;5530;2575463
LKOH;D;230531;000000;5562;5594;5505;5569;1113532
LKOH;D;230601;000000;5570;5685;5540;5684;1757523
LKOH;D;230602;000000;5304;5454;5302;5383;3158627
LKOH;D;230605;000000;5401;5420;5155.5;5166.5;2086409
LKOH;D;230606;000000;5149.5;5175.5;4962.5;5149.5;2192664
LKOH;D;230607;000000;5163;5164;5073;5101;931379
LKOH;D;230608;000000;5100.5;5111;5041;5065;738843
LKOH;D;230609;000000;5082.5;5112.5;5070;5077;520710
LKOH;D;230613;000000;5093;5265.5;5077;5264;1374037
LKOH;D;230614;000000;5298.5;5324;5205.5;5246;918065
LKOH;D;230615;000000;5251.5;5319.5;5226;5302.5;1055627
LKOH;D;230616;000000;5309.5;5330;5243.5;5260.5;570111
LKOH;D;230619;000000;5261.5;5297.5;5177;5194;771084
LKOH;D;230620;000000;5190.5;5194;5081;5150.5;976876
LKOH;D;230621;000000;5152.5;5166.5;5110;5125;644720
LKOH;D;230622;000000;5130;5189;5103;5137;603024
LKOH;D;230623;000000;5125.5;5145;5004;5030;1067154
LKOH;D;230626;000000;5099.5;5114;4965;5048.5;1174443
LKOH;D;230627;000000;5074;5158.5;5031;5138;923731
LKOH;D;230628;000000;5149.5;5155;5082;5108;700255
LKOH;D;230629;000000;5116;5150;5096;5124;740811
LKOH;D;230630;000000;5127;5139;5063;5079;711187
LKOH;D;230703;000000;5099;5123;5080;5095.5;637606
LKOH;D;230704;000000;5106.5;5260;5082;5209;1467137
LKOH;D;230705;000000;5226;5311;5221.5;5298.5;1207873
LKOH;D;230706;000000;5319.5;5390;5304;5347;1403719
LKOH;D;230707;000000;5361.5;5446.5;5326;5439.5;1298195
LKOH;D;230710;000000;5471.5;5505.5;5404;5436;1091876
LKOH;D;230711;000000;5440.5;5449.5;5366.5;5439;688962
LKOH;D;230712;000000;5441;5535;5377.5;5500;1228622
LKOH;D;230713;000000;5530.5;5549.5;5461;5498;719054
LKOH;D;230714;000000;5487;5550;5450;5514;790875
LKOH;D;230717;000000;5493.5;5535;5462.5;5503;765441
LKOH;D;230718;000000;5514;5585;5481;5537.5;1149679
LKOH;D;230719;000000;5544;5568;5495;5518;609703
LKOH;D;230720;000000;5520;5520;5381;5394;863112
LKOH;D;230721;000000;5410;5505;5397.5;5505;642507
LKOH;D;230724;000000;5507.5;5554;5491;5545.5;624794
LKOH;D;230725;000000;5555;5649.5;5532.5;5633.5;1220953
LKOH;D;230726;000000;5636;5665.5;5591;5626;762508
LKOH;D;230727;000000;5637.5;5678;5637.5;5668;632629
LKOH;D;230728;000000;5678;5917;5654.5;5896;1865130
LKOH;D;230731;000000;5952.5;5999.5;5905.5;5938;1547638
LKOH;D;230801;000000;5942;6049;5883;6008;1340576
LKOH;D;230802;000000;6007.5;6123;5960;6069.5;1314265
LKOH;D;230803;000000;6065;6168;6040;6155;997755
LKOH;D;230804;000000;6169;6270;5951.5;6103;2840065
LKOH;D;230807;000000;6176.5;6210;5975;6048.5;1406905
LKOH;D;230808;000000;6038.5;6135;5925;6124.5;1552189
LKOH;D;230809;000000;6129.5;6185;6073;6171.5;940039
LKOH;D;230810;000000;6181.5;6258;6155;6252;1019541
LKOH;D;230811;000000;6265;6287;6205;6284.5;787628
LKOH;D;230814;000000;6321.5;6428;6011.5;6127.5;3030481
LKOH;D;230815;000000;6087.5;6290;6008;6131.5;2268788
LKOH;D;230816;000000;6156;6198;5990.5;6094.5;1989505
LKOH;D;230817;000000;6160;6167;6062;6162;890393
LKOH;D;230818;000000;6166;6285;6122.5;6277.5;916052
LKOH;D;230821;000000;6294.5;6338;6237;6265.5;1187071
LKOH;D;230822;000000;6265.5;6677;6216.5;6606.5;5302103
LKOH;D;230823;000000;6632;6654;6364;6412.5;2937766
LKOH;D;230824;000000;6492;6571.5;6432;6561.5;1227840
LKOH;D;230825;000000;6563.5;6592.5;6513.5;6566;761542
LKOH;D;230828;000000;6574.5;6665;6560;6662;909964
LKOH;D;230829;000000;6670;6780;6636;6779.5;1936444
LKOH;D;230830;000000;6788.5;6900;6760;6837;2161540
LKOH;D;230831;000000;6858;6875;6788;6830;821065
LKOH;D;230901;000000;6839;6848;6784;6819;708296
LKOH;D;230904;000000;6844.5;6870;6825;6850;654846
LKOH;D;230905;000000;6860;6940;6847;6916;1187607
LKOH;D;230906;000000;6915;6916;6832.5;6867.5;762146
LKOH;D;230907;000000;6859.5;6880;6571.5;6666.5;2275417
LKOH;D;230908;000000;6665;6724;6533;6625;1323022
LKOH;D;230911;000000;6624.5;6625;6435;6456;1299088
LKOH;D;230912;000000;6500;6730;6480;6729;1534355
LKOH;D;230913;000000;6737;6739;6576;6610;1121990
LKOH;D;230914;000000;6610;6633;6346;6519;2070981
LKOH;D;230915;000000;6519;6609;6501;6553;1220398
LKOH;D;230918;000000;6595.5;6655;6476;6526;916073
LKOH;D;230919;000000;6525;6560;6326.5;6344;1528284
LKOH;D;230920;000000;6350;6499;6280;6423;1866665
LKOH;D;230921;000000;6402.5;6428;6350;6379;1460955
LKOH;D;230922;000000;6395;6517;6305;6495;1112302
LKOH;D;230925;000000;6500.5;6525;6426;6449;690080
LKOH;D;230926;000000;6429.5;6438;6322;6386;938984
LKOH;D;230927;000000;6412;6500;6404.5;6490;729486
LKOH;D;230928;000000;6502;6645.5;6501.5;6645.5;985054
LKOH;D;230929;000000;6649.5;6700;6603.5;6677;956728
LKOH;D;231002;000000;6716;6797.5;6658.5;6720;1106576
LKOH;D;231003;000000;6720;6784;6636.5;6754.5;952569
LKOH;D;231004;000000;6739;6815;6659.5;6660.5;903629
LKOH;D;231005;000000;6701;6759.5;6645;6721.5;737042
LKOH;D;231006;000000;6745;6797;6717;6797;783900
LKOH;D;231009;000000;6879.5;6895.5;6822;6863.5;1093299
LKOH;D;231010;000000;6870;6880;6822.5;6853.5;550356
LKOH;D;231011;000000;6860.5;7099.5;6835.5;6890.5;3465866
LKOH;D;231012;000000;6862;7154;6848;7120;2709703
LKOH;D;231013;000000;7143;7250;7136;7244;1670853
LKOH;D;231016;000000;7274.5;7349;7234.5;7335;1462218
LKOH;D;231017;000000;7345;7394;7264;7384.5;1629120
LKOH;D;231018;000000;7399;7535;7365;7488;2582611
LKOH;D;231019;000000;7483;7495;7416.5;7486;979245
LKOH;D;231020;000000;7495;7509.5;7405;7491.5;980821
LKOH;D;231023;000000;7510.5;7549;7452.5;7462.5;855125
LKOH;D;231024;000000;7472.5;7487.5;7417;7444;817175
LKOH;D;231025;000000;7430;7444;7207;7437.5;1315853
LKOH;D;231026;000000;7453.5;7498;7211;7228.5;2891242
LKOH;D;231027;000000;7225.5;7338;7136.5;7318;1807918
LKOH;D;231030;000000;7299;7315;7228;7248;763508
LKOH;D;231031;000000;7238.5;7264;7107;7150.5;1019828
LKOH;D;231101;000000;7155;7266;7130.5;7240;610140
LKOH;D;231102;000000;7251.5;7292;7217;7253.5;476815
LKOH;D;231103;000000;7258;7278;7210.5;7238;364260
LKOH;D;231106;000000;7243;7387.5;7221;7376;641531
LKOH;D;231107;000000;7370;7380;7295.5;7333.5;592820
LKOH;D;231108;000000;7341;7373;7277;7295;578796
LKOH;D;231109;000000;7290.5;7307;7221;7260;585245
LKOH;D;231110;000000;7265;7304.5;7238.5;7288.5;496387
LKOH;D;231113;000000;7295.5;7325;7270;7277.5;441753
LKOH;D;231114;000000;7282.5;7285;7165;7200;610832
LKOH;D;231115;000000;7183.5;7257;7138;7224;606927
LKOH;D;231116;000000;7220.5;7236;7120.5;7135.5;555267
LKOH;D;231117;000000;7135;7234;7080.5;7225.5;762755
LKOH;D;231120;000000;7225.5;7226;7161;7194.5;422161
LKOH;D;231121;000000;7180.5;7216;7137.5;7209;481480
LKOH;D;231122;000000;7211.5;7299;7207;7299;677016
LKOH;D;231123;000000;7302;7330;7251.5;7258;390183
LKOH;D;231124;000000;7270;7320;7255;7295;418285
LKOH;D;231127;000000;7301.5;7345;7212;7222.5;605795
LKOH;D;231128;000000;7223.5;7245.5;7161;7238;401191
LKOH;D;231129;000000;7228;7238;7186;7202;302370
LKOH;D;231130;000000;7206;7285.5;7170;7239;608657
LKOH;D;231201;000000;7239;7272.5;7162.5;7175.5;490503
LKOH;D;231204;000000;7169;7199.5;7110.5;7132.5;665356
LKOH;D;231205;000000;7137;7250;7137;7248.5;555796
LKOH;D;231206;000000;7265.5;7275;7051.5;7138;647722
LKOH;D;231207;000000;7145;7173;7071;7092;476699
LKOH;D;231208;000000;7115;7173;7092;7140;424769
LKOH;D;231211;000000;7182.5;7189;6929;6977;1023902
LKOH;D;231212;000000;7006;7100;6813;7014.5;1400532
LKOH;D;231213;000000;7000.5;7062.5;6914;7043.5;570415
LKOH;D;231214;000000;7040;7084.5;6850.5;6860;1218743
LKOH;D;231215;000000;6397.5;6632;6381;6560;2378739
LKOH;D;231218;000000;6580.5;6761.5;6526;6723.5;1261552
LKOH;D;231219;000000;6731;6771;6690;6709;677609
LKOH;D;231220;000000;6710;6849;6696;6735;978630
LKOH;D;231221;000000;6729;6774;6633.5;6702;1034330
LKOH;D;231222;000000;6711.5;6795;6708.5;6732.5;542153
LKOH;D;231225;000000;6748;6784;6730;6744;358965
LKOH;D;231226;000000;6749;6771;6720;6771;430163
LKOH;D;231227;000000;6773.5;6840;6761;6768;496504
LKOH;D;231228;000000;6767.5;6802.5;6725.5;6767;440041
LKOH;D;231229;000000;6773;6778.5;6729;6739;279198
LKOH;D;240103;000000;6770;6805;6745.5;6803.5;200107
LKOH;D;240104;000000;6805;6811.5;6763.5;6771;183174
LKOH;D;240105;000000;6771.5;6794.5;6770.5;6780;107486
LKOH;D;240108;000000;6783.5;6804.5;6756;6766.5;214867
LKOH;D;240109;000000;6780;6942;6750.5;6931;846151
LKOH;D;240110;000000;6933.5;7023;6923;6957;711637
LKOH;D;240111;000000;6965;6995;6930.5;6972.5;422712
LKOH;D;240112;000000;7005.5;7011;6962;6965;404722
LKOH;D;240115;000000;6950;6968.5;6874;6889.5;567394
LKOH;D;240116;000000;6884;6885.5;6826;6857;467771
LKOH;D;240117;000000;6859;6919.5;6830;6910;305046
LKOH;D;240118;000000;6921.5;6930;6846;6857.5;279053
LKOH;D;240119;000000;6860;6883;6800.5;6834.5;336169
LKOH;D;240122;000000;6830;6859;6815.5;6840;200101
LKOH;D;240123;000000;6840.5;6850;6782;6799.5;354955
LKOH;D;240124;000000;6797;6828;6754;6795;469428
LKOH;D;240125;000000;6810.5;6819.5;6760.5;6809;320855
LKOH;D;240126;000000;6825;6920;6801;6901;674424
LKOH;D;240129;000000;6917.5;6975;6911;6943;590347
LKOH;D;240130;000000;6946;7007;6933;6994;649664
LKOH;D;240131;000000;7001;7122;7001;7090.5;940842
LKOH;D;240201;000000;7103.5;7145;7059;7093.5;575354
LKOH;D;240202;000000;7094;7127;7050;7114;573644
LKOH;D;240205;000000;7096.5;7185;7094;7137.5;535071
LKOH;D;240206;000000;7145;7171;7115;7163;341917
LKOH;D;240207;000000;7170;7272.5;7160.5;7265;780871
LKOH;D;240208;000000;7270.5;7288;7191;7231.5;640712
LKOH;D;240209;000000;7233.5;7260;7182.5;7238.5;346403
LKOH;D;240212;000000;7240;7280;7223;7280;314278
LKOH;D;240213;000000;7297.5;7311;7231;7269;484883
LKOH;D;240214;000000;7275;7283;7200.5;7220.5;338867
LKOH;D;240215;000000;7219.5;7295;7184;7282.5;392627
LKOH;D;240216;000000;7293.5;7300;7205;7224.5;509264
LKOH;D;240219;000000;7232.5;7240.5;7187.5;7188;400770
LKOH;D;240220;000000;7187.5;7192.5;7070.5;7081;689787
LKOH;D;240221;000000;7080;7115;6962;6990.5;1054665
LKOH;D;240222;000000;7003;7040;6970;7021.5;671791
LKOH;D;240226;000000;7150.5;7178.5;7103.5;7164;607269
LKOH;D;240227;000000;7159;7163;7104;7141.5;341004
LKOH;D;240228;000000;7150;7276;7130.5;7261.5;735242
LKOH;D;240229;000000;7263;7402;7220;7378;1140562
LKOH;D;240301;000000;7387.5;7464;7372.5;7463.5;971175
LKOH;D;240304;000000;7477.5;7534;7351.5;7511.5;1910090
LKOH;D;240305;000000;7516;7544.5;7430.5;7499.5;1037416
LKOH;D;240306;000000;7499.5;7561.5;7470;7483;856812
LKOH;D;240307;000000;7489;7517;7457;7513;425468
LKOH;D;240311;000000;7536.5;7592.5;7523.5;7554.5;647248
LKOH;D;240312;000000;7536;7575.5;7481.5;7536.5;1106207
LKOH;D;240313;000000;7537.5;7554.5;7409.5;7426;1229707
LKOH;D;240314;000000;7426.5;7434.5;7320;7370;1388399
LKOH;D;240315;000000;7365.5;7404;7336.5;7380;785928
LKOH;D;240318;000000;7393.5;7397.5;7309.5;7344;599138
LKOH;D;240319;000000;7348.5;7348.5;7250;7333.5;1160862
LKOH;D;240320;000000;7337.5;7460;7337.5;7438.5;1157333
LKOH;D;240321;000000;7450;7454.5;7370;7417.5;646582
LKOH;D;240322;000000;7420.5;7538;7184.5;7303;3496505
LKOH;D;240325;000000;7306;7452;7303;7438;873744
LKOH;D;240326;000000;7455;7455;7380;7419;560527
LKOH;D;240327;000000;7425.5;7497;7404.5;7493;519597
LKOH;D;240328;000000;7495;7517;7430.5;7481;497720
LKOH;D;240329;000000;7482;7578;7460;7551;704938
LKOH;D;240401;000000;7574;7666;7573;7665;740045
LKOH;D;240402;000000;7675.5;7689;7625;7654;382453
LKOH;D;240403;000000;7654;7699;7641;7686.5;316041
LKOH;D;240404;000000;7687.5;7783.5;7678;7727.5;737851
LKOH;D;240405;000000;7732;7777.5;7654;7662.5;1057336
LKOH;D;240408;000000;7700;7777;7662.5;7767;657279
LKOH;D;240409;000000;7769;7844;7740;7786.5;853846
LKOH;D;240410;000000;7800;7837;7755;7825;386605
LKOH;D;240411;000000;7830;7870;7827;7836.5;412878
LKOH;D;240412;000000;7840;7865;7785;7839.5;477383
LKOH;D;240415;000000;7852.5;7931;7849.5;7920.5;542040
LKOH;D;240416;000000;7926.5;7926.5;7870;7897;413353
LKOH;D;240417;000000;7897.5;7918;7855.5;7886;442141
LKOH;D;240418;000000;7887;7897.5;7800;7840;538963
LKOH;D;240419;000000;7860;7868.5;7790;7835.5;633337
LKOH;D;240422;000000;7836;7878;7803;7827.5;668215
LKOH;D;240423;000000;7846;7886.5;7806;7840;512848
LKOH;D;240424;000000;7846.5;7854;7803.5;7820.5;349160
LKOH;D;240425;000000;7820.5;7831.5;7809.5;7827.5;306205
LKOH;D;240426;000000;7828;7940;7810;7929.5;776559
LKOH;D;240427;000000;7931;8018.5;7931;8002.5;654038
LKOH;D;240429;000000;8017.5;8161.5;8016;8152;600543
LKOH;D;240430;000000;8152.5;8175;8080;8085.5;433935
LKOH;D;240502;000000;8096.5;8125;8037;8104.5;563870
LKOH;D;240503;000000;8096.5;8100;8010;8075.5;569435
LKOH;D;240506;000000;8075;8089;7901;8026.5;2567901
LKOH;D;240507;000000;7593.5;7763.5;7574;7722.5;2387226
LKOH;D;240508;000000;7754;7772;7691;7714;681279
LKOH;D;240510;000000;7720.5;7726;7710;7713.5;217627
LKOH;D;240513;000000;7726.5;7732;7676;7689;502892
LKOH;D;240514;000000;7692;7710;7670;7672;495668
LKOH;D;240515;000000;7676.5;7692;7640;7655.5;450751
LKOH;D;240516;000000;7655.5;7724.5;7633;7715;517693
LKOH;D;240517;000000;7730;7871.5;7729;7854.5;1010222
LKOH;D;240520;000000;7893;7938;7752;7834.5;861814
LKOH;D;240521;000000;7835.5;7900;7788;7848;735395
LKOH;D;240522;000000;7849.5;7879;7805;7820;438149
LKOH;D;240523;000000;7820.5;7861;7777.5;7841.5;498340
LKOH;D;240524;000000;7841;7858.5;7701;7720;853847
LKOH;D;240527;000000;7719.5;7750;7479;7541.5;1140531
LKOH;D;240528;000000;7557;7700;7431;7590;869716
LKOH;D;240529;000000;7600;7689;7582.5;7684;401053
LKOH;D;240530;000000;7698;7722.5;7551;7567;537288
LKOH;D;240531;000000;7567;7607;7301;7355.5;1154527
LKOH;D;240603;000000;7395;7479.5;7161;7252;1667040
LKOH;D;240604;000000;7248;7454.5;7185;7426;1043533
LKOH;D;240605;000000;7430.5;7544;7377;7412.5;752849
LKOH;D;240606;000000;7426.5;7478.5;7351;7398;406216
LKOH;D;240607;000000;7403;7599;7403;7489;1063003
LKOH;D;240610;000000;7518.5;7523.5;7261;7315;783642
LKOH;D;240611;000000;7315;7370;7235;7290;698202
LKOH;D;240613;000000;7050;7276;6923;7178.5;1262579
LKOH;D;240614;000000;7192;7403.5;7181.5;7368;735284
LKOH;D;240617;000000;7376;7390.5;7202;7203;610864
LKOH;D;240618;000000;7203.5;7234;6993.5;7036;1017900
LKOH;D;240619;000000;7044.5;7107.5;6806;6885;1392348
LKOH;D;240620;000000;6885.5;7171;6633.5;7112.5;4611639
LKOH;D;240621;000000;7124;7191.5;7024;7084;898961
LKOH;D;240624;000000;7070;7125;7032.5;7051.5;712700
LKOH;D;240625;000000;7075;7246.5;7002;7204;737974
LKOH;D;240626;000000;7221;7313;7194.5;7275;741161
LKOH;D;240627;000000;7280;7293;7161;7227;667392
LKOH;D;240628;000000;7226;7271.5;7172;7211;403538
LKOH;D;240701;000000;7210;7330;7190;7326;506189
LKOH;D;240702;000000;7335;7358;7285;7309.5;611741
LKOH;D;240703;000000;7320.5;7321;7220;7230.5;435862
LKOH;D;240704;000000;7224.5;7260;7080;7109.5;756976
LKOH;D;240705;000000;7110;7255;7035;7201;1424525
LKOH;D;240708;000000;7231;7255;7080.5;7097;682650
LKOH;D;240709;000000;7100;7121.5;6930;6941;911854
LKOH;D;240710;000000;6939;6978;6681;6689;1697291
LKOH;D;240711;000000;6689.5;6995.5;6681;6969.5;1319605
LKOH;D;240712;000000;6992.5;7046;6830.5;6908;776445
LKOH;D;240715;000000;6924;6925;6771;6827;782718
LKOH;D;240716;000000;6820;6898.5;6727.5;6881;952159
LKOH;D;240717;000000;6881;6905;6788;6814;576994
LKOH;D;240718;000000;6813;6950;6760;6931.5;554122
LKOH;D;240719;000000;6930;6991.5;6871.5;6913;615989
LKOH;D;240722;000000;6957.5;7025;6934.5;7008;748040
LKOH;D;240723;000000;7008.5;7023;6950;6973;493367
LKOH;D;240724;000000;6962.5;7025;6933;6939.5;736887
LKOH;D;240725;000000;6941;6965;6884.5;6902.5;433180
LKOH;D;240726;000000;6906;6984;6859.5;6890;1504749
LKOH;D;240729;000000;6891;6892.5;6706.5;6727.5;1643969
LKOH;D;240730;000000;6727;6830;6705;6805.5;1186395
LKOH;D;240731;000000;6822;6830;6731;6759.5;886871
LKOH;D;240801;000000;6759;6770;6678;6687;809177
LKOH;D;240802;000000;6680;6715;6577;6591;803288
LKOH;D;240805;000000;6495;6543.5;6336.5;6417.5;2080850
LKOH;D;240806;000000;6477;6498;6356;6447;857740
LKOH;D;240807;000000;6449.5;6548.5;6357.5;6505;1237102
LKOH;D;240808;000000;6515;6551.5;6403;6410.5;934120
LKOH;D;240809;000000;6420;6489.5;6385;6408.5;586528
LKOH;D;240812;000000;6406;6462;6311;6448.5;980170
LKOH;D;240813;000000;6461;6469.5;6410.5;6444.5;805551
LKOH;D;240814;000000;6449;6539;6371.5;6385;1230958
LKOH;D;240815;000000;6395;6418;6334;6347;687640
LKOH;D;240816;000000;6350.5;6360;6226.5;6239.5;887467
LKOH;D;240819;000000;6254.5;6284;6103.5;6138.5;1231451
LKOH;D;240820;000000;6140.5;6248;6050;6147.5;1503069
LKOH;D;240821;000000;6154.5;6325;6107;6309.5;1956847
LKOH;D;240822;000000;6314;6538.5;6278;6419;3932856
LKOH;D;240823;000000;6420;6472;6320;6428;1502560
LKOH;D;240826;000000;6590;6677;6506;6645;1887396
LKOH;D;240827;000000;6644;6680;6458;6526.5;1117345
LKOH;D;240828;000000;6520;6522.5;6302.5;6389;1519495
LKOH;D;240829;000000;6401;6411;6250.5;6324;1585370
LKOH;D;240830;000000;6330;6334;6118;6145;1547109
LKOH;D;240902;000000;6135;6205;6040.5;6115;2107448
LKOH;D;240903;000000;6150.5;6246.5;6069;6184;2087565
LKOH;D;240904;000000;6189;6297;6171;6265;1372944
LKOH;D;240905;000000;6284;6360;6235;6272;1046295
LKOH;D;240906;000000;6281.5;6357;6232;6332;883767
LKOH;D;240909;000000;6348.5;6525.5;6348.5;6520;1133830
LKOH;D;240910;000000;6536;6548.5;6376;6435;1045068
LKOH;D;240911;000000;6445;6500;6402;6413.5;963522
LKOH;D;240912;000000;6422.5;6448;6370.5;6448;1056307
LKOH;D;240913;000000;6451;6625;6304;6624.5;1568383
LKOH;D;240916;000000;6650.5;6824.5;6581.5;6820.5;1602651
LKOH;D;240917;000000;6846;6860;6742;6803;1063208
LKOH;D;240918;000000;6803.5;6831;6730.5;6745.5;826301
LKOH;D;240919;000000;6751;6830;6718;6811;1109744
LKOH;D;240920;000000;6816;6898;6812.5;6897.5;753258
LKOH;D;240923;000000;6899.5;7000;6899;6982.5;885780
LKOH;D;240924;000000;6988.5;7050.5;6865.5;6954.5;1011862
LKOH;D;240925;000000;6954.5;6990;6860;6867;823409
LKOH;D;240926;000000;6848;6890;6770;6890;858921
LKOH;D;240927;000000;6909;6946;6831.5;6914.5;550205
LKOH;D;240930;000000;6948;6972.5;6852;6874;708345
LKOH;D;241001;000000;6876;6995.5;6773.5;6969;1399003
LKOH;D;241002;000000;6968;6980;6781.5;6816.5;1021012
LKOH;D;241003;000000;6823;6957;6780.5;6956;1063151
LKOH;D;241004;000000;6957.5;7076.5;6925.5;7009;1210461
LKOH;D;241007;000000;7024;7066;6956;7055;962170
LKOH;D;241008;000000;7043;7055;6960.5;6973.5;747643
LKOH;D;241009;000000;6975;6991;6861;6883.5;967461
LKOH;D;241010;000000;6891;6904.5;6845;6857;1237538
LKOH;D;241011;000000;6857;6882.5;6792;6837;1510782
LKOH;D;241014;000000;6828;6947.5;6785;6931.5;1481412
LKOH;D;241015;000000;6912;7019;6878.5;6991;823474
LKOH;D;241016;000000;6997;7055;6928.5;6980;808783
LKOH;D;241017;000000;6982.5;7009;6924;6931.5;635655
LKOH;D;241018;000000;6924;6995.5;6906;6963;971124
LKOH;D;241021;000000;6979;7047;6963;7020;768888
LKOH;D;241022;000000;7019;7024;6945;6950;737864
LKOH;D;241023;000000;6945;7016.5;6910;6920;748890
LKOH;D;241024;000000;6920.5;6986;6890;6958.5;588930
LKOH;D;241025;000000;6970;7080;6721.5;6750.5;2636435
LKOH;D;241028;000000;6694;6785;6580;6733.5;2422426
LKOH;D;241029;000000;6749;6866;6708;6837;1160351
LKOH;D;241030;000000;6856.5;6894;6773.5;6792;907833
LKOH;D;241031;000000;6792.5;6869;6747;6794.5;796382
LKOH;D;241101;000000;6806;6850;6720.5;6844.5;888557
LKOH;D;241102;000000;6835;6865;6810;6842;381011
LKOH;D;241105;000000;6867;6920;6821;6873;511736
LKOH;D;241106;000000;6999.5;7098.5;6933.5;6996.5;1320154
LKOH;D;241107;000000;6994;7139;6950;7132;671029
LKOH;D;241108;000000;7148;7192;7061;7172;956239
LKOH;D;241111;000000;7207;7235;6995;7022.5;1552975
LKOH;D;241112;000000;7025.5;7071.5;6967;6990;690731
LKOH;D;241113;000000;6988;7048;6918;6925;739279
LKOH;D;241114;000000;6921.5;7013.5;6900;6932.5;871228
LKOH;D;241115;000000;6934.5;7037;6911;7021;505229
LKOH;D;241118;000000;6956;7008;6874;6955.5;621000
LKOH;D;241119;000000;6960;6991.5;6810;6842;866035
LKOH;D;241120;000000;6858;6952.5;6776;6798.5;856399
LKOH;D;241121;000000;6809.5;6949;6768;6938.5;1044918
LKOH;D;241122;000000;6940.5;6998;6868;6940;598068
LKOH;D;241125;000000;6946;6979;6835.5;6886.5;828582
LKOH;D;241126;000000;6870.5;6930;6820.5;6869.5;985809
LKOH;D;241127;000000;6870.5;6916.5;6770;6896.5;1480684
LKOH;D;241128;000000;6940;6940;6818;6905.5;1240033
LKOH;D;241129;000000;6905;6910;6832;6860.5;1298385
LKOH;D;241202;000000;6879;6880;6799;6810;1384851
LKOH;D;241203;000000;6814.5;6823;6713.5;6771;839193
LKOH;D;241204;000000;6780;6812;6714;6720.5;955724
LKOH;D;241205;000000;6726;6861;6676.5;6841;975551
LKOH;D;241206;000000;6859.5;6913.5;6800;6860;640937
LKOH;D;241209;000000;6878;6997;6844;6973;714117
LKOH;D;241210;000000;6985;6991;6880;6894;692702
LKOH;D;241211;000000;6894;6914;6821;6895.5;698882
LKOH;D;241212;000000;6896.5;6959.5;6862;6862.5;686873
LKOH;D;241213;000000;6868.5;6884.5;6750;6800;652556
LKOH;D;241216;000000;6770.5;6787.5;6685.5;6779.5;1119186
LKOH;D;241217;000000;6330;6398;6256;6290.5;1443388
LKOH;D;241218;000000;6297;6395;6238;6375;729637
LKOH;D;241219;000000;6379.5;6492;6263;6294;1864085
LKOH;D;241220;000000;6295.5;6804;6280;6725;2155856
LKOH;D;241223;000000;6780.5;6980;6761;6919;1039144
LKOH;D;241224;000000;6920;6960.5;6825;6833;723896
LKOH;D;241225;000000;6827.5;7006.5;6787.5;6987.5;1053316
LKOH;D;241226;000000;6988.5;7096.5;6988.5;7003;881931
LKOH;D;241227;000000;7019.5;7038;6921.5;6990.5;571522
LKOH;D;241228;000000;6990.5;7012;6955.5;6998;453986
LKOH;D;241230;000000;7012;7260;7003;7235;774713
LKOH;D;250103;000000;7255;7260;7101;7122;260788
LKOH;D;250106;000000;7114.5;7160;7070;7088;220602
LKOH;D;250108;000000;7094.5;7124;7045;7089;243483
LKOH;D;250109;000000;7099;7117.5;6933;6947.5;542165
LKOH;D;250110;000000;6972;7146;6901.5;7022.5;1695195
LKOH;D;250113;000000;7109.5;7109.5;6979.5;7010.5;694683
LKOH;D;250114;000000;7010.5;7129.5;6980;7115.5;631359
LKOH;D;250115;000000;7122;7180;7070;7178.5;617698
LKOH;D;250116;000000;7192;7255;7170.5;7208;562691
LKOH;D;250117;000000;7207;7345;7190;7342;643909
LKOH;D;250120;000000;7376;7400;7165;7194;868863
LKOH;D;250121;000000;7241.5;7243;7141;7239.5;409245
LKOH;D;250122;000000;7245;7287.5;7206;7215;538083
LKOH;D;250123;000000;7220;7220;7140;7215;456884
LKOH;D;250124;000000;7215.5;7226;7160;7199.5;346594
LKOH;D;250127;000000;7197.5;7199;7013;7065.5;503059
LKOH;D;250128;000000;7066;7176;7040;7160;459764
LKOH;D;250129;000000;7157;7236.5;7117.5;7192;546908
LKOH;D;250130;000000;7183;7214.5;7152.5;7166;384298
LKOH;D;250131;000000;7166;7202;7141;7171;541285
LKOH;D;250203;000000;7160;7206;7104.5;7170;429071
LKOH;D;250204;000000;7170.5;7187.5;7066;7093.5;421003
LKOH;D;250205;000000;7093;7184.5;7084;7171;370181
LKOH;D;250206;000000;7180;7215;7140;7141;560875
LKOH;D;250207;000000;7142;7180;7120;7148;326105
LKOH;D;250210;000000;7175;7230;7130;7147.5;572360
LKOH;D;250211;000000;7148;7289.5;7147.5;7271;609877
LKOH;D;250212;000000;7275;7685;7217;7676;1531362
LKOH;D;250213;000000;7681;7981.5;7390;7534;2623687
LKOH;D;250214;000000;7444.5;7734;7285;7492.5;1544608
LKOH;D;250217;000000;7572;7819;7550;7784.5;1038177
LKOH;D;250218;000000;7799.5;7835;7589;7644.5;1059018
LKOH;D;250219;000000;7647.5;7760;7590;7714.5;594519
LKOH;D;250220;000000;7725;7780;7684.5;7720;439511
LKOH;D;250221;000000;7724;7790;7636.5;7709.5;647985
LKOH;D;250224;000000;7710;7744.5;7650;7737.5;588507
LKOH;D;250225;000000;7738;7805;7690;7729;744941
LKOH;D;250226;000000;7729;7764.5;7511;7555;902425
LKOH;D;250227;000000;7570;7630;7466.5;7497;674597
LKOH;D;250228;000000;7498.5;7559.5;7390;7546.5;793310
LKOH;D;250301;000000;7559.5;7580;7550.5;7555;9744
LKOH;D;250302;000000;7555.5;7566;7508;7531;24473
LKOH;D;250303;000000;7531.5;7539;7266.5;7341.5;1084109
LKOH;D;250304;000000;7356;7472;7245;7393;1375850
LKOH;D;250305;000000;7405.5;7405.5;7230;7241;1053735
LKOH;D;250306;000000;7259;7284.5;7130;7175;843509
LKOH;D;250307;000000;7200;7305.5;7100.5;7225;1034151
LKOH;D;250310;000000;7230;7260;7161.5;7185;547590
LKOH;D;250311;000000;7185;7278.5;7156;7248.5;537045
LKOH;D;250312;000000;7257.5;7259;7180;7205;391633
LKOH;D;250313;000000;7215.5;7242;7095;7130;996391
LKOH;D;250314;000000;7112.5;7180;7081.5;7149.5;572826
LKOH;D;250315;000000;7163;7177;7163;7167;15699
LKOH;D;250316;000000;7170;7218;7170;7209.5;55094
LKOH;D;250317;000000;7215;7272;7152;7222.5;660256
LKOH;D;250318;000000;7224.5;7299;7157;7183;940967
LKOH;D;250319;000000;7201;7278.5;7150;7221;557151
LKOH;D;250320;000000;7235;7316.5;7175;7293.5;1383139
LKOH;D;250321;000000;7300.5;7398;7299;7346.5;1047311
LKOH;D;250324;000000;7348;7385.5;7250.5;7291;995334
LKOH;D;250325;000000;7294;7330;7184;7265;1028446
LKOH;D;250326;000000;7280;7309;7180;7185;533532
LKOH;D;250327;000000;7200;7200;7097;7108.5;584290
LKOH;D;250328;000000;7108;7129.5;7048;7064.5;738870
LKOH;D;250329;000000;7065;7079;6971.5;7013.5;90091
LKOH;D;250330;000000;7020;7020;6851;6853;248329
LKOH;D;250331;000000;6853;7114.5;6800;7026.5;874518
LKOH;D;250401;000000;7038.5;7104;6887.5;6905;870979
LKOH;D;250402;000000;6894;6989;6851;6978;718552
LKOH;D;250403;000000;6974;7030;6700;6802;1018360
LKOH;D;250404;000000;6818;6824.5;6445.5;6445.5;1868587
LKOH;D;250405;000000;6430;6489.5;6327.5;6486;261655
LKOH;D;250406;000000;6487;6596;6452;6587.5;187932
LKOH;D;250407;000000;6447.5;6500;6275.5;6349.5;2464183
LKOH;D;250408;000000;6394;6478;6278;6283.5;1107369
LKOH;D;250409;000000;6270.5;6550;6110;6507;2010832
LKOH;D;250410;000000;6521.5;6530;6305;6375.5;1060316
LKOH;D;250411;000000;6375;6533;6374.5;6508;811707
LKOH;D;250412;000000;6522;6583.5;6522;6582;76240
LKOH;D;250413;000000;6582;6599;6555.5;6562;76649
LKOH;D;250414;000000;6573;6573;6427.5;6474;550079
LKOH;D;250415;000000;6478;6520;6410;6466;324127
LKOH;D;250416;000000;6479;6550;6410;6515;456629
LKOH;D;250417;000000;6530;6720;6517;6719;803589
LKOH;D;250418;000000;6675.5;6699.5;6500;6629.5;740796
LKOH;D;250421;000000;6671;6765;6631.5;6732.5;520967
LKOH;D;250422;000000;6745;6825;6672;6764;741922
LKOH;D;250423;000000;6777;6789;6678;6743;617394
LKOH;D;250424;000000;6746;6800;6680;6683.5;444302
LKOH;D;250425;000000;6693.5;6875;6693;6856.5;685405
LKOH;D;250426;000000;6878;6963;6878;6904;114974
LKOH;D;250427;000000;6924.5;6939.5;6901;6914;33635
LKOH;D;250428;000000;6912.5;6958.5;6805;6827;627535
LKOH;D;250429;000000;6832;6868;6700;6725;419039
LKOH;D;250430;000000;6725;6763;6595;6684;686838
LKOH;D;250502;000000;6687.5;6703.5;6485;6504;388628
LKOH;D;250503;000000;6504;6531;6480;6525;28752
LKOH;D;250504;000000;6525;6574.5;6508;6544;48723
LKOH;D;250505;000000;6519;6545;6285;6335.5;903299
LKOH;D;250506;000000;6339;6462.5;6292.5;6373.5;697954
LKOH;D;250507;000000;6381;6497;6340;6458.5;641211
LKOH;D;250508;000000;6455;6536;6451;6535;285196
LKOH;D;250510;000000;6563;6595;6560;6579.5;42983
LKOH;D;250511;000000;6630;6675;6625.5;6649.5;94132
LKOH;D;250512;000000;6670;6800;6655.5;6775;733084
LKOH;D;250513;000000;6775;6790;6704;6773;384779
LKOH;D;250514;000000;6780;6840;6660;6699.5;418546
LKOH;D;250515;000000;6680;6732.5;6540.5;6612;700293
LKOH;D;250516;000000;6611.5;6689;6491;6605;735225
LKOH;D;250517;000000;6620;6680;6611.5;6669.5;53327
LKOH;D;250518;000000;6704.5;6740;6689.5;6731.5;86453
LKOH;D;250519;000000;6731;6731;6615;6636.5;568268
LKOH;D;250520;000000;6644.5;6667.5;6561.5;6584;332394
LKOH;D;250521;000000;6594;6670;6575;6604.5;374758
LKOH;D;250522;000000;6608;6617;6470;6528;700977
LKOH;D;250523;000000;6505;6561.5;6482.5;6550;323890
LKOH;D;250526;000000;6558;6569;6400;6440;624534
LKOH;D;250527;000000;6438;6498;6371.5;6486;468871
LKOH;D;250528;000000;6491;6687;6444;6686;741996
LKOH;D;250529;000000;6695.5;6815;6650;6680.5;858126
LKOH;D;250530;000000;6681;6764;6651;6749;755678
LKOH;D;250531;000000;6761.5;6800;6761.5;6784.5;80306
LKOH;D;250601;000000;6784.5;6788.5;6673;6718;227489
LKOH;D;250602;000000;6720;6834;6690;6834;1413254
LKOH;D;250603;000000;6360;6497.5;6350;6473;1764994
LKOH;D;250604;000000;6472;6487.5;6422;6431.5;703694
LKOH;D;250605;000000;6449;6472;6437.5;6453;423223
LKOH;D;250606;000000;6455.5;6545;6330;6344.5;1085832
LKOH;D;250607;000000;6345;6383;6345;6362.5;35489
LKOH;D;250608;000000;6364;6372.5;6334;6352;50081
LKOH;D;250609;000000;6349;6371;6221.5;6249;590902
LKOH;D;250610;000000;6272;6283;6138;6195.5;711039
LKOH;D;250611;000000;6196;6231.5;6145;6173.5;548627
LKOH;D;250613;000000;6291;6384;6227.5;6380;1391715
LKOH;D;250614;000000;6414;6485;6405.5;6466;270475
LKOH;D;250615;000000;6535;6568.5;6350;6431;629286
LKOH;D;250616;000000;6429;6433;6250;6269;883251
LKOH;D;250617;000000;6274;6430;6238;6408;930987
LKOH;D;250618;000000;6420.5;6428;6350.5;6383.5;621618
LKOH;D;250619;000000;6385.5;6409;6311.5;6336;831926
LKOH;D;250620;000000;6326.5;6358.5;6260;6281;473642
LKOH;D;250623;000000;6388;6390;6230;6242;869850
LKOH;D;250624;000000;6244.5;6247.5;6110;6208.5;894881
LKOH;D;250625;000000;6218.5;6268.5;6185.5;6236.5;460157
LKOH;D;250626;000000;6250.5;6258;6202;6205.5;310524
LKOH;D;250627;000000;6210;6289.5;6186.5;6274;566067
LKOH;D;250628;000000;6275;6293;6272;6272;27884
LKOH;D;250629;000000;6272;6277;6250;6252.5;28658
LKOH;D;250630;000000;6253;6336;6225;6307.5;585912
LKOH;D;250701;000000;6329;6348;6291;6306;469792
LKOH;D;250702;000000;6318;6327;6186;6234;686614
LKOH;D;250703;000000;6240;6244;6127.5;6138;823226
LKOH;D;250704;000000;6131;6178;6089;6151.5;892097
LKOH;D;250705;000000;6151.5;6165;6127;6154.5;29549
LKOH;D;250706;000000;6154.5;6155;6140;6145.5;13250
LKOH;D;250707;000000;6144.5;6158;6100;6110.5;371232
LKOH;D;250708;000000;6105;6122;6000;6013;771812
LKOH;D;250709;000000;6013;6223;5886.5;5934;1283003
LKOH;D;250710;000000;5944;5967;5903;5932.5;476900
LKOH;D;250711;000000;5932;5941.5;5706;5737.5;1173251
LKOH;D;250712;000000;5740.5;5789;5740;5765;55401
LKOH;D;250713;000000;5765;5787;5710.5;5744.5;71916
LKOH;D;250714;000000;5713.5;5946.5;5626;5933;1492664
LKOH;D;250715;000000;5937;5980;5904;5913.5;638520
LKOH;D;250716;000000;5916;5974.5;5887;5943;627174
LKOH;D;250717;000000;5943;6009;5910.5;5925.5;610953
LKOH;D;250718;000000;5925.5;6115;5909;6114.5;761806
LKOH;D;250719;000000;6128;6194.5;6120;6168;108072
LKOH;D;250720;000000;6170;6195;6161.5;6178.5;37646
LKOH;D;250721;000000;6178.5;6219;6151;6170;577592
LKOH;D;250722;000000;6170;6210;6127;6196.5;452398
LKOH;D;250723;000000;6197;6249.5;6190;6190;481180
LKOH;D;250724;000000;6177;6216;6150.5;6169;344760
LKOH;D;250725;000000;6169;6196.5;6050;6074.5;668285
LKOH;D;250726;000000;6095;6110;6091;6098;24384
LKOH;D;250727;000000;6097;6101;6074;6078.5;18403
LKOH;D;250728;000000;6076;6118;5969;5981.5;747912
LKOH;D;250729;000000;5993;6030.5;5955;6005;470750
LKOH;D;250730;000000;6005;6026;5902;5925.5;495343
LKOH;D;250731;000000;5925;5968.5;5870.5;5922;467390
LKOH;D;250801;000000;5930;5948;5888;5910.5;418382
LKOH;D;250804;000000;5924;6099;5924;6097.5;849201
LKOH;D;250805;000000;6095.5;6110.5;6034.5;6081;578259
LKOH;D;250806;000000;6085;6250;5985;6170;1159777
LKOH;D;250807;000000;6169;6296;6111.5;6202.5;1371860
LKOH;D;250808;000000;6224;6331.5;6179.5;6320;679937
LKOH;D;250811;000000;6356;6430;6319;6336.5;785039
LKOH;D;250812;000000;6354;6396;6291.5;6385;421934
LKOH;D;250813;000000;6385.5;6395;6322;6336;463662
LKOH;D;250814;000000;6336;6403.5;6283;6387;533787
LKOH;D;250815;000000;6400.5;6475;6380.5;6444;556400
LKOH;D;250816;000000;6393;6393;6275;6360;231216
LKOH;D;250817;000000;6360;6363;6315.5;6337.5;51592
LKOH;D;250818;000000;6334;6491.5;6321;6420;540301
LKOH;D;250819;000000;6419;6439.5;6340;6365;420413
LKOH;D;250820;000000;6366;6382;6300;6311.5;324154
LKOH;D;250821;000000;6312;6342.5;6234;6249;445242
LKOH;D;250822;000000;6249;6340;6237.5;6326;456417
LKOH;D;250823;000000;6326;6340;6300;6317;16358
LKOH;D;250824;000000;6318;6324;6284;6301;21795
LKOH;D;250825;000000;6300;6311;6223;6275.5;340381
LKOH;D;250826;000000;6283;6315;6255.5;6280;334663
LKOH;D;250827;000000;6284.5;6329.5;6272;6323;272500
LKOH;D;250828;000000;6326;6343.5;6250;6273.5;325985
LKOH;D;250829;000000;6280;6595;6235;6430.5;3635651
LKOH;D;250830;000000;6443.5;6444;6423.5;6429;37856
LKOH;D;250831;000000;6430.5;6446;6427.5;6445;31405
LKOH;D;250901;000000;6446.5;6459;6352.5;6370;536532
LKOH;D;250902;000000;6370;6374;6282.5;6336.5;519728
LKOH;D;250903;000000;6338;6405.5;6310;6393;450520
LKOH;D;250904;000000;6394;6487.5;6371.5;6464;761365
LKOH;D;250905;000000;6471;6498;6450.5;6472;482134
LKOH;D;250906;000000;6472;6483;6463;6476.5;20152
LKOH;D;250907;000000;6476;6486;6463;6484.5;22291
LKOH;D;250908;000000;6477.5;6508.5;6440;6465;415935
LKOH;D;250909;000000;6466;6502.5;6442.5;6484.5;458587
LKOH;D;250910;000000;6485.5;6595;6460;6537.5;889290
LKOH;D;250911;000000;6537.5;6657.5;6522;6626.5;746000
LKOH;D;250912;000000;6624;6669;6405.5;6448;1084372
LKOH;D;250913;000000;6455;6470.5;6411.5;6426.5;46816
LKOH;D;250914;000000;6426.5;6500;6400.5;6495;66418
LKOH;D;250915;000000;6465;6478;6370.5;6420;482953
LKOH;D;250916;000000;6427;6456;6317;6370.5;526754
LKOH;D;250917;000000;6375.5;6421.5;6334.5;6380;509804
LKOH;D;250918;000000;6385.5;6395.5;6265;6325.5;975262
LKOH;D;250919;000000;6326;6355;6235.5;6239;532629
LKOH;D;250922;000000;6238.5;6279.5;6135.5;6268.5;705780
LKOH;D;250923;000000;6273.5;6298.5;6111.5;6140;578762
LKOH;D;250924;000000;6150;6239;6070.5;6189;681014
LKOH;D;250925;000000;6197;6209.5;6108;6123;358613
LKOH;D;250926;000000;6136;6245;6090.5;6228;503381
LKOH;D;250927;000000;6228;6249.5;6219;6221.5;15287
LKOH;D;250928;000000;6222.5;6229.5;6207;6221;13246
LKOH;D;250929;000000;6209;6264;6073;6093;588776
LKOH;D;250930;000000;6099;6135;6005;6082.5;755445
LKOH;D;251001;000000;6095;6116;6007.5;6048.5;432794
LKOH;D;251002;000000;6042;6080.5;5991;6026.5;489270
LKOH;D;251003;000000;6030;6060;5911;5914;581188
LKOH;D;251004;000000;5920;5930;5856;5889;180307
LKOH;D;251005;000000;5897;5927.5;5867;5927;74683
LKOH;D;251006;000000;5950.5;6132;5907;6110;766149
LKOH;D;251007;000000;6100;6165.5;6075.5;6134;476258
LKOH;D;251008;000000;6135;6160;5880;5952;876248
LKOH;D;251009;000000;5968;6113.5;5831;6096;958838
LKOH;D;251010;000000;6104;6139;5950;5964;639498
LKOH;D;251011;000000;5964;5988;5935;5982.5;33586
LKOH;D;251012;000000;5986;6010;5978.5;6007;30979
LKOH;D;251013;000000;6024;6043;5901.5;5950;591294
LKOH;D;251014;000000;5960;5967.5;5858;5888;474105
LKOH;D;251015;000000;5885;5909;5835;5835;529606
LKOH;D;251016;000000;5839;6194.5;5802;6185;1420537
LKOH;D;251017;000000;6189.5;6343.5;6130;6312.5;1053037
LKOH;D;251018;000000;6328;6425.5;6321.5;6419.5;189676
LKOH;D;251019;000000;6422;6444;6355;6360;124292
LKOH;D;251020;000000;6384;6406;6340;6374;460521
LKOH;D;251021;000000;6374;6388;6080;6266;995711
LKOH;D;251022;000000;6262;6296;6017.5;6052;867374
LKOH;D;251023;000000;5898;5919.5;5680;5761;3871209
LKOH;D;251024;000000;5759.5;5800;5607;5636;1422737
LKOH;D;251027;000000;5636;5638;5226;5237;4919462
LKOH;D;251028;000000;5215.5;5500;5077.5;5461;4802442
LKOH;D;251029;000000;5458;5492;5353;5387.5;1768832
LKOH;D;251030;000000;5392;5560;5351.5;5508;2388123
LKOH;D;251031;000000;5514.5;5543.5;5396;5443;1054031
LKOH;D;251101;000000;5447;5489;5434;5475;357981
LKOH;D;251103;000000;5480;5598.5;5475;5580;621194
LKOH;D;251105;000000;5580;5584.5;5456;5490.5;1098895
LKOH;D;251106;000000;5499.5;5506.5;5417;5453.5;737540
LKOH;D;251107;000000;5326;5350;5223;5324;2563498
LKOH;D;251108;000000;5325;5333;5301;5308.5;126879
LKOH;D;251109;000000;5310;5321.5;5302;5317.5;157462
LKOH;D;251110;000000;5317.5;5365.5;5125;5140.5;2857494
LKOH;D;251111;000000;5139;5173.5;5090;5156.5;1355751
LKOH;D;251112;000000;5151;5164.5;4900;4918;4248956
LKOH;D;251113;000000;4918;4995;4815;4954.5;4607679
LKOH;D;251114;000000;4970.5;5143;4913;5114.5;3353421
LKOH;D;251115;000000;5134.5;5137;5060.5;5100;360686
LKOH;D;251116;000000;5016.5;5038.5;5001.5;5005.5;268046
LKOH;D;251117;000000;5004;5005;4857.5;4886;2238634
LKOH;D;251118;000000;4883.5;5097;4841.5;5058.5;3500273
LKOH;D;251119;000000;5065;5378;5037;5275;5860096
LKOH;D;251120;000000;5290;5499.5;5251;5470;4682392
LKOH;D;251121;000000;5494.5;5591.5;5428;5503;4097995
LKOH;D;251124;000000;5527;5589;5439;5505;1884139
LKOH;D;251125;000000;5520.5;5559.5;5412;5520;1825099
LKOH;D;251126;000000;5509;5523;5463;5471;557703
LKOH;D;251127;000000;5471;5498;5351;5409.5;920048
LKOH;D;251128;000000;5405;5565;5381;5531.5;1027511
LKOH;D;251129;000000;5532;5568;5525;5537.5;96554
LKOH;D;251130;000000;5537.5;5557.5;5535;5548;59166
LKOH;D;251201;000000;5548;5564.5;5487.5;5529.5;831026
LKOH;D;251202;000000;5530;5542;5460.5;5504.5;601752
LKOH;D;251203;000000;5448;5463;5400;5449;767613
LKOH;D;251204;000000;5460;5484;5436.5;5443.5;371711
LKOH;D;251205;000000;5456;5585;5450;5555;1071254
LKOH;D;251208;000000;5560.5;5630;5507.5;5526.5;1111215
LKOH;D;251209;000000;5528.5;5599;5487;5556;1042865
LKOH;D;251210;000000;5560;5573.5;5532;5550;409805
LKOH;D;251211;000000;5556;5765;5550;5705.5;1680574
LKOH;D;251212;000000;5712.5;5742;5630;5643.5;1082856
LKOH;D;251213;000000;5665;5679.5;5650.5;5668;53636
LKOH;D;251214;000000;5669;5671.5;5643;5652;43550
LKOH;D;251215;000000;5653;5765;5652.5;5697;775170
LKOH;D;251216;000000;5696.5;5759.5;5680;5742.5;596452
LKOH;D;251217;000000;5745;5784;5685;5730.5;731287
LKOH;D;251218;000000;5735.5;5888;5718.5;5888;1773071
LKOH;D;251219;000000;5886;5965;5837.5;5897.5;1370253
LKOH;D;251220;000000;5901;5904.5;5872;5888;43867
LKOH;D;251221;000000;5894;5898.5;5861;5874;50270
LKOH;D;251222;000000;5873;5880;5800;5810;785884
LKOH;D;251223;000000;5817;5841;5705;5744.5;881047
LKOH;D;251224;000000;5740;5778;5656;5677.5;596399
LKOH;D;251225;000000;5681;5707;5650;5673.5;462847
LKOH;D;251226;000000;5673.5;5799;5670.5;5790;821257
LKOH;D;251227;000000;5792.5;5847;5791.5;5832;123654
LKOH;D;251228;000000;5833;5838;5791.5;5833;103554
LKOH;D;251229;000000;5853;5974;5775;5832.5;1445058
LKOH;D;251230;000000;5853;5918;5824;5908.5;778710
LKOH;D;260105;000000;5904.5;5922;5831;5871.5;447163
LKOH;D;260106;000000;5871.5;5915.5;5866;5884;392703
LKOH;D;260108;000000;5852;5879.5;5821.5;5851.5;658236
LKOH;D;260109;000000;5848;5882;5821;5878;605326
LKOH;D;260112;000000;5520;5550;5363;5393;2022616
LKOH;D;260113;000000;5389;5430;5352;5392.5;746033
LKOH;D;260114;000000;5399.5;5429;5352;5386;676388
LKOH;D;260115;000000;5392;5409;5366;5395;353135
LKOH;D;260116;000000;5400;5460;5391;5455;642419
LKOH;D;260117;000000;5461;5462.5;5442.5;5450;30314
LKOH;D;260118;000000;5450;5469;5450;5463.5;26105
LKOH;D;260119;000000;5463.5;5494;5404;5405.5;512482
LKOH;D;260120;000000;5405;5425.5;5330;5352;837854
LKOH;D;260121;000000;5353.5;5409.5;5305;5399;756284
LKOH;D;260122;000000;5410;5419.5;5330.5;5365;723496
LKOH;D;260123;000000;5364.5;5396.5;5335.5;5382.5;450519
LKOH;D;260124;000000;5382.5;5391.5;5344;5359;95443
LKOH;D;260125;000000;5360;5389.5;5359;5378.5;60177
LKOH;D;260126;000000;5372.5;5373;5245;5270.5;939505
LKOH;D;260127;000000;5279;5287.5;5215;5284;950313
LKOH;D;260128;000000;5285;5298;5218;5219.5;878744
LKOH;D;260129;000000;5219.5;5414.5;5219;5356.5;2837343
LKOH;D;260130;000000;5355;5389;5275;5298.5;797405
LKOH;D;260131;000000;5300;5320;5293;5306.5;52678
LKOH;D;260201;000000;5306.5;5324;5300;5316.5;61515
LKOH;D;260202;000000;5299.5;5302;5231;5249;613446
LKOH;D;260203;000000;5266.5;5278;5220;5228.5;316435
